55817369
56735134
57407542
56860000
55643330
57166249
56342529
57195222
56961103
56163503
56285979
57715424
57301433
56951699
58145585
56533358
55952642
56625521
56661022
56634473
56209357
55881695
56989236
57307590
56700696
56546717
56965046
56723688
57357341
56145210
55861194
56468838
57365409
56690500
58127377
56829838
56979089
57436503
56837673
56922995
56580840
57134430
57499503
57255551
57128085
57138191
56134360
56202616
55944164
56980989
56588416
56926496
56700395
56813518
54016073
57343524
56656524
56564420
56821381
57111959
56842187
56740591
56719429
57053634
57771523
56916108
57119763
56883393
56908852
57028895
57043794
58262490
58534194
56981068
57132498
56877346
56487169
56599811
56222753
57203417
56718942
56960977
56727543
57212052
57718244
56986739
56986347
56885379
57049566
57137426
56505448
57016101
57924897
57257468
57004207
56900850
56414536
55955387
56928808
56003086
56891683
57233347
57132012
57004467

